Fips_5,democrat,republican,others
01001,0.237696712,0.727665879,0.034637408
01003,0.19385601,0.765457123,0.040686867
01005,0.465278441,0.520966663,0.013754895
01007,0.212495748,0.764032203,0.023472049
01009,0.084258246,0.893348445,0.022393309
01011,0.749469214,0.242038217,0.008492569
01013,0.426706367,0.561268896,0.012024737
01015,0.276658867,0.68663296,0.036708173
01017,0.416115108,0.564244604,0.019640288
01019,0.144134911,0.83415634,0.021708749
01021,0.158473515,0.821002776,0.020523708
01023,0.426357652,0.56308283,0.010559517
01025,0.441178728,0.547924181,0.010897092
01027,0.186745169,0.791817633,0.021437198
01029,0.103746398,0.874260579,0.021993023
01031,0.203255164,0.764433958,0.032310878
01033,0.293477825,0.672125226,0.03439695
01035,0.467729689,0.519362187,0.012908125
01037,0.339299315,0.64375476,0.016945925
01039,0.149749059,0.832308657,0.017942284
01041,0.265517792,0.72012127,0.014360938
01043,0.100282523,0.871042695,0.028674782
01045,0.235372553,0.736465945,0.028161502
01047,0.68305662,0.30805662,0.00888676
01049,0.140246263,0.828815922,0.030937815
01051,0.226596887,0.741653247,0.031749866
01053,0.310205456,0.669248905,0.020545638
01055,0.236436917,0.732564985,0.030998098
01057,0.165110923,0.813674385,0.021214693
01059,0.182475083,0.786212625,0.031312292
01061,0.129698928,0.849974485,0.020326586
01063,0.822336066,0.171721311,0.005942623
01065,0.593905473,0.394651741,0.011442786
01067,0.2839445,0.697720515,0.018334985
01069,0.250099674,0.7206548,0.029245526
01071,0.175038124,0.794510103,0.030451773
01073,0.515705593,0.443037434,0.041256973
01075,0.148722366,0.835917313,0.015360322
01077,0.251790006,0.705857052,0.042352941
01079,0.244588307,0.730528019,0.024883674
01081,0.358669392,0.584835532,0.056495075
01083,0.234972949,0.721372909,0.043654142
01085,0.730550569,0.261968881,0.007480551
01087,0.827789934,0.156564551,0.015645514
01089,0.384493448,0.547894901,0.067611651
01091,0.510733127,0.475986902,0.013279971
01093,0.110289587,0.868299445,0.021410967
01095,0.139228678,0.827755125,0.033016197
01097,0.417895413,0.550640569,0.031464018
01099,0.421770032,0.564209911,0.014020056
01101,0.614489247,0.354648616,0.030862137
01103,0.222217834,0.740186399,0.037595767
01105,0.724516862,0.266578249,0.008904888
01107,0.416264934,0.571787885,0.011947181
01109,0.383961118,0.58421932,0.031819563
01111,0.224894473,0.75635614,0.018749386
01113,0.497455339,0.47829248,0.024252181
01115,0.145546875,0.824244792,0.030208333
01117,0.226924368,0.721156695,0.051918937
01119,0.740290126,0.246607394,0.01310248
01121,0.36282815,0.617056306,0.020115545
01123,0.283228985,0.697629067,0.019141948
01125,0.384062878,0.577061669,0.038875453
01127,0.152585505,0.823357763,0.024056732
01129,0.278213993,0.708074534,0.013711473
01131,0.709218699,0.283916313,0.006864989
01133,0.084553476,0.89479298,0.020653544
02001,0.387616752,0.479059958,0.13332329
02002,0.288601602,0.580480699,0.130917698
02003,0.16301064,0.70970708,0.12728228
02004,0.437138956,0.427476105,0.135384939
02005,0.403111561,0.465848722,0.131039717
02006,0.299763593,0.582624113,0.117612293
02007,0.18205932,0.715577526,0.102363154
02008,0.150873281,0.758825715,0.090301003
02009,0.205829797,0.681259772,0.112910431
02010,0.2,0.691924779,0.108075221
02011,0.221075446,0.665084116,0.113840438
02012,0.202032904,0.69464529,0.103321807
02013,0.257768253,0.616562069,0.125669677
02014,0.292034549,0.573704415,0.134261036
02015,0.366920915,0.506824568,0.126254516
02016,0.442980097,0.430742335,0.126277569
02017,0.484678845,0.385680613,0.129640542
02018,0.528100513,0.362604701,0.109294785
02019,0.55696995,0.341402337,0.101627713
02020,0.581372549,0.306302521,0.11232493
02021,0.488493119,0.40233607,0.109170811
02022,0.390587673,0.502030578,0.107381749
02023,0.417966493,0.468804159,0.113229347
02024,0.394052863,0.518612335,0.087334802
02025,0.415651532,0.469545958,0.11480251
02026,0.378888265,0.510724312,0.110387423
02027,0.424570192,0.46510304,0.110326768
02028,0.415594644,0.474577754,0.109827601
02029,0.223653396,0.675644028,0.100702576
02030,0.202905028,0.692067039,0.105027933
02031,0.340404636,0.551659792,0.107935573
02032,0.361482869,0.503747323,0.134769807
02033,0.601771693,0.2750151,0.123213207
02034,0.447460503,0.41936168,0.133177818
02035,0.414620659,0.45399248,0.131386861
02036,0.325871249,0.539690223,0.134438529
02037,0.478269459,0.382852627,0.138877914
02038,0.541315015,0.224337586,0.234347399
02039,0.557190991,0.249157652,0.193651357
02040,0.507158351,0.298698482,0.194143167
04001,0.617584325,0.297892339,0.084523336
04003,0.348895331,0.561671499,0.08943317
04005,0.542017931,0.353071056,0.104911013
04007,0.313866977,0.635622087,0.050510936
04009,0.272045492,0.66136476,0.066589748
04011,0.333944954,0.578593272,0.087461774
04012,0.264661401,0.672660057,0.062678541
04013,0.448329989,0.476683756,0.074986255
04015,0.218343069,0.729044444,0.052612486
04017,0.408472725,0.510671564,0.080855711
04019,0.532826582,0.397087563,0.070085855
04021,0.369691075,0.562109212,0.068199713
04023,0.711373456,0.23714477,0.051481774
04025,0.310965487,0.62324159,0.065792923
04027,0.464157706,0.474721751,0.061120543
05001,0.312137798,0.615904701,0.071957502
05003,0.297909192,0.660398367,0.041692441
05005,0.210917738,0.742790651,0.046291612
05007,0.28923614,0.628676774,0.082087086
05009,0.181615046,0.75941903,0.058965924
05011,0.360525595,0.592389817,0.047084588
05013,0.28162186,0.685764654,0.032613486
05015,0.310652538,0.630786392,0.058561071
05017,0.562739464,0.41091954,0.026340996
05019,0.424583627,0.51653765,0.058878724
05021,0.230576923,0.727115385,0.042307692
05023,0.173851882,0.782623086,0.043525031
05025,0.215563506,0.734048897,0.050387597
05027,0.353325082,0.61393046,0.032744458
05029,0.335057399,0.611706825,0.053235776
05031,0.296235909,0.643521772,0.060242319
05033,0.199910913,0.74325167,0.056837416
05035,0.52720662,0.436559679,0.036233701
05037,0.290805935,0.666860634,0.04233343
05039,0.420425839,0.544568748,0.035005413
05041,0.523373268,0.450786939,0.025839793
05043,0.358605004,0.60166793,0.039727066
05045,0.307803985,0.617459549,0.074736466
05047,0.203249631,0.744313146,0.052437223
05049,0.223595977,0.72736798,0.049036044
05051,0.301703223,0.639308908,0.058987869
05053,0.184419073,0.768972465,0.046608462
05055,0.210342466,0.734246575,0.055410959
05057,0.337210952,0.624343879,0.03844517
05059,0.263647019,0.6841929,0.05216008
05061,0.289045785,0.675438596,0.035515618
05063,0.211620391,0.729836933,0.058542677
05065,0.204295154,0.741923642,0.053781204
05067,0.307020946,0.633630721,0.059348332
05069,0.609098633,0.357225612,0.033675755
05071,0.266352063,0.668459175,0.065188762
05073,0.360839161,0.614685315,0.024475524
05075,0.222163588,0.714863676,0.062972735
05077,0.573364177,0.406146728,0.020489095
05079,0.32723471,0.641662311,0.03110298
05081,0.267266118,0.689688158,0.043045724
05083,0.216513067,0.725413458,0.058073476
05085,0.20900369,0.736457565,0.054538745
05087,0.232129806,0.72036252,0.047507674
05089,0.2017729,0.750809061,0.047418039
05091,0.265552172,0.70188304,0.032564788
05093,0.429415329,0.534762193,0.035822478
05095,0.454923717,0.51629681,0.028779473
05097,0.210171396,0.742624333,0.047204271
05099,0.356438694,0.616142945,0.027418361
05101,0.186250999,0.766053824,0.047695177
05103,0.434927026,0.538600906,0.026472068
05105,0.243613562,0.698560149,0.057826289
05107,0.619876312,0.351790594,0.028333094
05109,0.17206732,0.791258478,0.036674202
05111,0.243460243,0.712509713,0.044030044
05113,0.147248208,0.804033532,0.04871826
05115,0.221542824,0.72028003,0.058177146
05117,0.236353078,0.727351916,0.036295006
05119,0.560622371,0.383393,0.055984628
05121,0.223389246,0.706850604,0.06976015
05123,0.542530283,0.430013459,0.027456258
05125,0.254433781,0.688349328,0.057216891
05127,0.171509972,0.778062678,0.05042735
05129,0.161212446,0.792650215,0.046137339
05131,0.275556153,0.652530412,0.071913435
05133,0.235642262,0.719421306,0.044936431
05135,0.203062491,0.745895986,0.051041523
05137,0.214133143,0.732111072,0.053755785
05139,0.346572748,0.618917959,0.034509293
05141,0.211064178,0.733342417,0.055593405
05143,0.407593359,0.506663735,0.085742906
05145,0.18994085,0.7743488,0.035710349
05147,0.434850253,0.523920653,0.041229094
05149,0.229849355,0.715639074,0.05451157
06001,0.786900129,0.146610094,0.066489776
06003,0.554817276,0.360465116,0.084717608
06005,0.338558701,0.591237172,0.070204128
06007,0.43496505,0.472395463,0.092639488
06009,0.343360996,0.583981674,0.072657331
06011,0.401236429,0.535434258,0.063329312
06013,0.684908028,0.248739207,0.066352765
06015,0.364616028,0.537141661,0.09824231
06017,0.388969025,0.526193758,0.084837217
06019,0.50064289,0.439393027,0.059964083
06021,0.323653643,0.611193242,0.065153115
06023,0.560375384,0.310113763,0.129510853
06025,0.679274708,0.264165852,0.056559439
06027,0.390180559,0.525352461,0.08446698
06029,0.404193101,0.530727424,0.065079476
06031,0.401503759,0.533480761,0.06501548
06033,0.46930111,0.432682887,0.098016003
06035,0.211326492,0.719688331,0.068985177
06037,0.717572215,0.224133363,0.058294422
06039,0.394994433,0.541774912,0.063230655
06041,0.780531761,0.156318884,0.063149354
06043,0.351695393,0.584093725,0.064210882
06045,0.589134669,0.290524855,0.120340475
06047,0.527158174,0.405783384,0.067058441
06049,0.231520591,0.711721225,0.056758184
06051,0.525587566,0.400113723,0.074298711
06053,0.66778604,0.261566023,0.070647937
06055,0.638711465,0.283696148,0.077592387
06057,0.474251388,0.425320834,0.100427778
06059,0.509353072,0.42349821,0.067148718
06061,0.402042234,0.520337565,0.077620201
06063,0.357482431,0.560148822,0.082368747
06065,0.497337605,0.443501453,0.059160943
06067,0.582881304,0.339314895,0.077803801
06069,0.571109287,0.35764459,0.071246123
06071,0.521164923,0.414750842,0.064084235
06073,0.562979179,0.36571188,0.071308941
06075,0.850396262,0.092875168,0.05672857
06077,0.540331718,0.3967417,0.062926581
06079,0.497055752,0.416001896,0.086942352
06081,0.756660644,0.184261922,0.059077434
06083,0.606054778,0.318831808,0.075113414
06085,0.727124422,0.205803819,0.067071758
06087,0.739390317,0.174179676,0.086430008
06089,0.278577942,0.646796497,0.074625561
06091,0.328415301,0.572677596,0.098907104
06093,0.353015811,0.553435487,0.093548702
06095,0.61620704,0.312558319,0.071234641
06097,0.693763973,0.222301981,0.083934046
06099,0.474289266,0.455973418,0.069737316
06101,0.390060555,0.542194911,0.067744534
06103,0.284800067,0.648067592,0.067132341
06105,0.389377418,0.494548013,0.116074569
06107,0.423602827,0.518979116,0.057418057
06109,0.357358298,0.569979239,0.072662462
06111,0.552708643,0.376210459,0.071080898
06113,0.666975271,0.252637349,0.08038738
06115,0.343942952,0.572658492,0.083398556
08001,0.498582604,0.413507862,0.087909535
08003,0.459576308,0.438968151,0.101455541
08005,0.527593171,0.386254892,0.086151937
08007,0.340645865,0.581005587,0.078348549
08009,0.131444496,0.814212726,0.054342778
08011,0.306175402,0.616502335,0.077322263
08013,0.703372984,0.2200253,0.076601716
08014,0.523521452,0.381198758,0.09527979
08015,0.434488889,0.4792,0.086311111
08017,0.119782214,0.83938294,0.040834846
08019,0.465223321,0.438970338,0.095806342
08021,0.440328195,0.475882645,0.08378916
08023,0.608766234,0.318181818,0.073051948
08025,0.222003929,0.706614276,0.071381794
08027,0.259947815,0.67221135,0.067840835
08029,0.243418702,0.694163192,0.062418106
08031,0.736927908,0.188909514,0.074162578
08033,0.192828685,0.752191235,0.05498008
08035,0.36617262,0.547058918,0.086768463
08037,0.558973952,0.356420727,0.084605321
08039,0.196144699,0.732569783,0.071285518
08041,0.338624372,0.561901388,0.09947424
08043,0.241068584,0.688208256,0.07072316
08045,0.425802796,0.496108802,0.078088402
08047,0.456935123,0.437919463,0.105145414
08049,0.391010713,0.523288309,0.085700978
08051,0.544836379,0.349447514,0.105716107
08053,0.334465195,0.575551783,0.089983022
08055,0.431667988,0.497753106,0.070578906
08057,0.198606272,0.730545877,0.070847851
08059,0.488856186,0.420141571,0.091002244
08061,0.106432749,0.851461988,0.042105263
08063,0.144786602,0.801458671,0.053754727
08065,0.505157862,0.396999062,0.097843076
08067,0.498394864,0.404077047,0.09752809
08069,0.475114808,0.425706705,0.099178488
08071,0.390107464,0.546150449,0.063742087
08073,0.167898194,0.776683087,0.055418719
08075,0.190392923,0.749022835,0.060584242
08077,0.279821771,0.641044132,0.079134097
08079,0.363496933,0.527607362,0.108895706
08081,0.13394636,0.81302682,0.05302682
08083,0.308990512,0.610748172,0.080261316
08085,0.258000566,0.67884452,0.063154914
08087,0.263461538,0.681020067,0.055518395
08089,0.348201609,0.583057265,0.068741126
08091,0.512688822,0.4081571,0.079154079
08093,0.328405491,0.588941154,0.082653355
08095,0.186963979,0.768010292,0.045025729
08097,0.696854509,0.242326333,0.060819158
08099,0.236443381,0.703947368,0.05960925
08101,0.456157974,0.461116904,0.082725123
08103,0.126376812,0.808985507,0.064637681
08105,0.361582942,0.557462956,0.080954102
08107,0.543400543,0.373945374,0.082654083
08109,0.499823633,0.404585538,0.095590829
08111,0.523715415,0.424901186,0.051383399
08113,0.687225687,0.238623239,0.074151074
08115,0.195747801,0.744134897,0.060117302
08117,0.590886608,0.315320885,0.093792506
08119,0.249446137,0.674674605,0.075879258
08121,0.108305891,0.841200146,0.050493963
08123,0.343496175,0.565990785,0.09051304
08125,0.151534126,0.803590065,0.044875809
09001,0.578933499,0.380041737,0.041024764
09003,0.590868202,0.364183118,0.044948681
09005,0.40819154,0.544436691,0.04737177
09007,0.511791388,0.438560661,0.049647951
09009,0.542495369,0.419645072,0.037859559
09011,0.504161,0.437617382,0.058221618
09013,0.497339326,0.441646001,0.061014672
09015,0.428782244,0.506601342,0.064616414
10001,0.447076329,0.495871203,0.057052468
10003,0.620901632,0.325944869,0.0531535
10005,0.371038035,0.590625236,0.038336729
11001,0.908638215,0.040874745,0.05048704
12001,0.589713077,0.364265659,0.046021265
12003,0.167167959,0.814785499,0.018046541
12005,0.24924245,0.711170572,0.039586978
12007,0.241692842,0.736733344,0.021573814
12009,0.380232691,0.577750102,0.042017207
12011,0.665087247,0.313661502,0.021251252
12013,0.204078277,0.765499096,0.030422628
12015,0.347033432,0.624836574,0.028129994
12017,0.285934755,0.683262233,0.030803011
12019,0.261281143,0.703990308,0.034728548
12021,0.35766355,0.617270433,0.025066017
12023,0.264778625,0.709513359,0.025708015
12027,0.349510076,0.626548345,0.023941579
12029,0.176339906,0.808386559,0.015273535
12031,0.475401842,0.489194467,0.035403691
12033,0.376870052,0.582465944,0.040664004
12035,0.383040885,0.588664939,0.028294176
12037,0.289941812,0.685785536,0.024272652
12039,0.679238457,0.304255415,0.016506128
12041,0.173159145,0.800475059,0.026365796
12043,0.291982541,0.688260969,0.01975649
12045,0.235842589,0.730700672,0.033456739
12047,0.348717949,0.630586081,0.020695971
12049,0.283397072,0.691283133,0.025319794
12051,0.415204678,0.557354926,0.027440396
12053,0.33898034,0.628704849,0.032314811
12055,0.326949175,0.64713479,0.025916036
12057,0.51516916,0.44652478,0.03830606
12059,0.100187926,0.878905332,0.020906742
12061,0.362996663,0.607681636,0.029321701
12063,0.304025474,0.677581864,0.018392662
12065,0.463178548,0.514061478,0.022759974
12067,0.152712264,0.828125,0.019162736
12069,0.368633478,0.599476716,0.031889805
12071,0.382660376,0.586823724,0.0305159
12073,0.605184971,0.353778298,0.041036731
12075,0.263005929,0.710234597,0.026759474
12077,0.197512136,0.771541262,0.030946602
12079,0.414579659,0.57037037,0.015049971
12081,0.397992825,0.569653215,0.03235396
12083,0.355128792,0.617246709,0.027624499
12085,0.351839332,0.620151063,0.028009605
12086,0.636751125,0.340744376,0.022504499
12087,0.446607656,0.515655163,0.037737182
12089,0.233205313,0.735211449,0.031583239
12091,0.235784046,0.712835259,0.051380695
12093,0.2899729,0.685270636,0.024756464
12095,0.603897304,0.357358473,0.038744222
12097,0.609517424,0.35876496,0.031717616
12099,0.565687601,0.411277124,0.023035275
12101,0.373817591,0.589290824,0.036891585
12103,0.474613274,0.485782987,0.039603739
12105,0.413039808,0.553718776,0.033241416
12107,0.30479814,0.668478425,0.026723435
12109,0.315711209,0.649633005,0.034655786
12111,0.474848595,0.499045063,0.026106342
12113,0.210427945,0.744646419,0.044925637
12115,0.427262369,0.543247927,0.029489704
12117,0.470946571,0.486638268,0.042415161
12119,0.29528468,0.687797561,0.016917759
12121,0.212046646,0.764255911,0.023697443
12123,0.231646932,0.745963402,0.022389666
12125,0.178082192,0.80224798,0.019669828
12127,0.418183073,0.548194688,0.03362224
12129,0.283238877,0.684776236,0.031984887
12131,0.204417754,0.765704433,0.029877813
12133,0.202940122,0.774202223,0.022857655
13001,0.20450656,0.783513976,0.011979464
13003,0.267049808,0.71954023,0.013409962
13005,0.151243781,0.83681592,0.011940299
13007,0.451388889,0.538194444,0.010416667
13009,0.494539588,0.477599901,0.027860511
13011,0.098064516,0.879426523,0.022508961
13013,0.22642808,0.726359257,0.047212663
13015,0.207635904,0.756283186,0.03608091
13017,0.353942049,0.629885445,0.016172507
13019,0.158877086,0.82276176,0.018361153
13021,0.587689309,0.384098025,0.028212665
13023,0.221351025,0.747687977,0.030960997
13025,0.098238375,0.883510554,0.018251071
13027,0.398989899,0.584122475,0.016887626
13029,0.26454887,0.693930007,0.041521123
13031,0.365816085,0.596342234,0.037841681
13033,0.505935194,0.48026949,0.013795316
13035,0.269707799,0.706012193,0.024280008
13037,0.582222222,0.409876543,0.007901235
13039,0.313740014,0.651288292,0.034971695
13043,0.272654797,0.707945788,0.019399415
13045,0.282495864,0.680605607,0.036898529
13047,0.17830848,0.780207049,0.041484471
13049,0.25,0.734810757,0.015189243
13051,0.555456475,0.407412031,0.037131494
13053,0.427338129,0.54028777,0.032374101
13055,0.195467765,0.783082889,0.021449346
13057,0.225190329,0.719804004,0.055005667
13059,0.658195482,0.2827508,0.059053718
13061,0.54752553,0.44461901,0.00785546
13063,0.842352384,0.1361742,0.021473417
13065,0.279429735,0.703462322,0.017107943
13067,0.484013917,0.462222545,0.053763538
13069,0.294214876,0.689040604,0.01674452
13071,0.254183793,0.726512038,0.019304169
13073,0.291722657,0.665477349,0.042799994
13075,0.289417203,0.689450223,0.021132574
13077,0.268572354,0.6888493,0.042578346
13079,0.274536321,0.702279753,0.023183926
13081,0.377662407,0.60556443,0.016773163
13083,0.154597885,0.809195771,0.036206344
13085,0.123076923,0.841478963,0.035444114
13087,0.400933307,0.585261521,0.013805172
13089,0.798616075,0.163516618,0.037867307
13091,0.262376944,0.716364674,0.021258382
13093,0.485099767,0.505571392,0.009328842
13095,0.68386775,0.300173087,0.015959163
13097,0.5369947,0.429820915,0.033184385
13099,0.45308255,0.533333333,0.013584117
13101,0.131979695,0.851945854,0.01607445
13103,0.206880382,0.761957541,0.031162077
13105,0.317891574,0.662576687,0.019531739
13107,0.309796438,0.678753181,0.011450382
13109,0.31275948,0.665375035,0.021865486
13111,0.162800542,0.815441923,0.021757535
13113,0.382250094,0.575377998,0.042371907
13115,0.264649792,0.696775312,0.038574896
13117,0.238869488,0.711161564,0.049968948
13119,0.146200894,0.829687132,0.024111974
13121,0.688588774,0.273030731,0.038380495
13123,0.153840132,0.820245831,0.025914037
13125,0.099280576,0.888489209,0.012230216
13127,0.343665178,0.627849283,0.028485538
13129,0.167783111,0.80125534,0.030961549
13131,0.327037881,0.657006404,0.015955715
13133,0.361387257,0.620198825,0.018413918
13135,0.506053343,0.447685415,0.046261242
13137,0.15286585,0.81204211,0.03509204
13139,0.228873738,0.731787705,0.039338558
13141,0.754469274,0.23547486,0.010055866
13143,0.129875847,0.84397288,0.026151272
13145,0.247606351,0.723306266,0.029087383
13147,0.255510527,0.720173965,0.024315509
13149,0.175941274,0.798010893,0.026047833
13151,0.506824211,0.462952838,0.030222951
13153,0.375389071,0.589723531,0.034887398
13155,0.242779292,0.740054496,0.017166213
13157,0.165171019,0.801176903,0.033652078
13159,0.255417701,0.721257237,0.023325062
13161,0.176805338,0.80533752,0.017857143
13163,0.548363949,0.439580941,0.012055109
13165,0.367473822,0.620091623,0.012434555
13167,0.308193163,0.683396636,0.008410201
13169,0.315592383,0.661700263,0.022707354
13171,0.298213347,0.681818182,0.019968471
13173,0.280738419,0.691048415,0.028213166
13175,0.345724526,0.635483871,0.018791603
13177,0.22413915,0.752739871,0.023120979
13179,0.591959363,0.379978938,0.028061699
13181,0.310336421,0.672598732,0.017064846
13183,0.330337624,0.63784309,0.031819286
13185,0.398465811,0.572278799,0.029255389
13187,0.178672032,0.77416499,0.047162978
13189,0.399115235,0.586102719,0.014782046
13191,0.390140606,0.590716585,0.019142809
13193,0.630977373,0.359225566,0.009797061
13195,0.20211702,0.766877813,0.031005168
13197,0.380250784,0.602194357,0.017554859
13199,0.412715634,0.566561788,0.020722578
13201,0.244889937,0.74331761,0.011792453
13205,0.443274112,0.543020305,0.013705584
13207,0.28146922,0.696145661,0.022385119
13209,0.236856823,0.746644295,0.016498881
13211,0.281055409,0.692242744,0.026701847
13213,0.144485471,0.830069032,0.025445497
13215,0.577282999,0.390775293,0.031941708
13217,0.498851934,0.475435924,0.025712142
13219,0.276986451,0.666286168,0.056727381
13221,0.274348217,0.692987714,0.03266407
13223,0.277777778,0.688272461,0.033949761
13225,0.474330357,0.50344122,0.022228423
13227,0.140974498,0.829961533,0.029063969
13229,0.123512515,0.861988784,0.014498701
13231,0.142120344,0.834154728,0.023724928
13233,0.201688357,0.774815336,0.023496307
13235,0.306241331,0.676005548,0.017753121
13237,0.290682968,0.689713322,0.01960371
13239,0.441570881,0.550766284,0.007662835
13241,0.180680681,0.786661662,0.032657658
13243,0.55122456,0.438427044,0.010348396
13245,0.64641462,0.3239224,0.029662981
13247,0.614090681,0.355911167,0.029998152
13249,0.210057622,0.771084337,0.018858041
13251,0.402449694,0.578302712,0.019247594
13253,0.331382386,0.653567447,0.015050167
13255,0.364028945,0.608699035,0.02727202
13257,0.187162506,0.783087112,0.029750382
13259,0.593780369,0.391156463,0.015063168
13261,0.503007108,0.480772736,0.016220157
13263,0.616759088,0.368453481,0.014787431
13265,0.607580825,0.389074693,0.003344482
13267,0.243517311,0.738229755,0.018252934
13269,0.38028169,0.605633803,0.014084507
13271,0.345890411,0.645416228,0.008693361
13273,0.541179279,0.447362139,0.011458582
13275,0.379853207,0.597170514,0.022976279
13277,0.305717702,0.674027709,0.020254589
13279,0.255854673,0.723900197,0.02024513
13281,0.178888232,0.795830869,0.025280899
13283,0.31890492,0.669256382,0.011838698
13285,0.371988817,0.603194056,0.024817127
13287,0.366686286,0.616539141,0.016774573
13289,0.485587583,0.501355014,0.013057403
13291,0.162729006,0.816712261,0.020558733
13293,0.317815987,0.666910554,0.015273459
13295,0.175947571,0.791033562,0.033018868
13297,0.203744656,0.764779596,0.031475748
13299,0.282337492,0.698703217,0.018959291
13301,0.562982005,0.424592973,0.012425021
13303,0.496395225,0.490367569,0.013237206
13305,0.196004994,0.782963603,0.021031403
13307,0.423835125,0.564516129,0.011648746
13309,0.307326356,0.676022835,0.016650809
13311,0.141588429,0.825594181,0.03281739
13313,0.258888381,0.702492009,0.03861961
13315,0.286290323,0.704301075,0.009408602
13317,0.411948284,0.573339278,0.014712439
13319,0.441800793,0.544203406,0.013995801
13321,0.243520193,0.741651597,0.01482821
15001,0.636055313,0.269798202,0.094146484
15003,0.614773085,0.316057245,0.06916967
15007,0.624871844,0.287602051,0.087526106
15009,0.644527866,0.258850707,0.096621427
16001,0.386760294,0.479135683,0.134104023
16003,0.19010536,0.712780577,0.097114063
16005,0.309492459,0.51412497,0.176382571
16007,0.087090164,0.75239071,0.160519126
16009,0.183990442,0.741457587,0.074551971
16011,0.175879699,0.65606015,0.16806015
16013,0.598284222,0.311450951,0.090264827
16015,0.203723125,0.700839014,0.095437861
16017,0.277849401,0.637110252,0.085040348
16019,0.201940255,0.603762918,0.194296827
16021,0.18070889,0.733875654,0.085415456
16023,0.130081301,0.743089431,0.126829268
16025,0.186440678,0.694915254,0.118644068
16027,0.231957134,0.648787525,0.119255341
16029,0.089291598,0.749588138,0.161120264
16031,0.12668134,0.727439472,0.145879188
16033,0.155477032,0.717314488,0.127208481
16035,0.185214417,0.750328861,0.064456722
16037,0.176884838,0.736122618,0.086992543
16039,0.212860831,0.682468904,0.104670265
16041,0.07001273,0.709401709,0.220585561
16043,0.113910761,0.715660542,0.170428696
16045,0.154513452,0.751822982,0.093663566
16047,0.179156232,0.721055673,0.099788095
16049,0.145269039,0.782339366,0.072391595
16051,0.085054466,0.735163399,0.179782135
16053,0.196859724,0.687898089,0.115242186
16055,0.245272206,0.670321219,0.084406575
16057,0.445330986,0.399768888,0.154900127
16059,0.178955078,0.735107422,0.0859375
16061,0.169811321,0.755974843,0.074213836
16063,0.205949657,0.677345538,0.116704805
16065,0.076555329,0.569926058,0.353518613
16067,0.169844273,0.711250182,0.118905545
16069,0.280681356,0.621998721,0.097319923
16071,0.088974855,0.74032882,0.170696325
16073,0.150573248,0.777579618,0.071847134
16075,0.173138787,0.745519301,0.081341912
16077,0.253444525,0.604060914,0.142494561
16079,0.2703125,0.643945313,0.085742188
16081,0.433882637,0.435490354,0.13062701
16083,0.208642967,0.663720961,0.127636072
16085,0.357636941,0.543279118,0.099083941
16087,0.174186308,0.736924804,0.088888889
17001,0.240242872,0.71327971,0.046477419
17003,0.443429375,0.525650035,0.03092059
17005,0.274634794,0.649136786,0.07622842
17007,0.390678666,0.533976784,0.07534455
17009,0.200084069,0.75493905,0.044976881
17011,0.363828375,0.56007483,0.076096796
17013,0.287436795,0.669389343,0.043173862
17015,0.328676964,0.595567495,0.075755541
17017,0.316354411,0.62763466,0.056010929
17019,0.547179901,0.364168158,0.08865194
17021,0.258231451,0.681997542,0.059771007
17023,0.236755802,0.70913219,0.054112008
17025,0.160629921,0.790708661,0.048661417
17027,0.226476836,0.712555256,0.060967909
17029,0.334309107,0.59474912,0.070941774
17031,0.746750115,0.209989739,0.043260146
17033,0.228230981,0.719179652,0.052589368
17035,0.185198491,0.755523621,0.059277888
17037,0.46940367,0.437866972,0.092729358
17039,0.253214901,0.673074374,0.073710725
17041,0.238584894,0.697514996,0.06390011
17043,0.533205526,0.388122742,0.078671732
17045,0.227740379,0.717007494,0.055252128
17047,0.12966836,0.829997012,0.040334628
17049,0.175080925,0.77431995,0.050599125
17051,0.189775691,0.769118414,0.041105895
17053,0.221075672,0.700437774,0.078486554
17055,0.252632142,0.700978034,0.046389824
17057,0.388238273,0.537570425,0.074191302
17059,0.2427041,0.717399335,0.039896564
17061,0.215756491,0.742166517,0.042076992
17063,0.347075784,0.578990403,0.073933812
17065,0.192510802,0.76956313,0.037926068
17067,0.234513759,0.704966561,0.06051968
17069,0.195530726,0.769553073,0.034916201
17071,0.328311541,0.612563957,0.059124503
17073,0.359980522,0.567503956,0.072515522
17075,0.19167177,0.746325781,0.062002449
17077,0.472600236,0.440467969,0.086931795
17079,0.179906542,0.773948598,0.04614486
17081,0.26030943,0.687981646,0.051708924
17083,0.243744882,0.704940406,0.051314712
17085,0.393682725,0.540056467,0.066260808
17087,0.187551322,0.763507965,0.048940713
17089,0.520108974,0.415093772,0.064797255
17091,0.401035831,0.531212345,0.067751823
17093,0.465582727,0.467023406,0.067393867
17095,0.453311154,0.482713663,0.063975183
17097,0.563702557,0.361646679,0.074650764
17099,0.3928794,0.536537804,0.070582796
17101,0.211683623,0.741877256,0.04643912
17103,0.356898444,0.556007489,0.087094067
17105,0.263475015,0.668544109,0.067980876
17107,0.267155875,0.659704863,0.073139263
17109,0.403910785,0.519019248,0.077069966
17111,0.428945326,0.505199295,0.065855379
17113,0.453385107,0.466424501,0.080190393
17115,0.381668747,0.559009571,0.059321681
17117,0.299150268,0.640518784,0.060330948
17119,0.388595703,0.541485186,0.069919111
17121,0.255886143,0.694564835,0.049549022
17123,0.298963904,0.632520053,0.068516043
17125,0.310514955,0.625655257,0.063829787
17127,0.233128834,0.725123448,0.041747718
17129,0.278894858,0.649424405,0.071680737
17131,0.360234604,0.563870968,0.075894428
17133,0.285987393,0.652526609,0.061485998
17135,0.269995377,0.66497149,0.065033133
17137,0.317297297,0.613243243,0.069459459
17139,0.235715423,0.709056183,0.055228394
17141,0.332740875,0.593229447,0.074029678
17143,0.484822236,0.45390622,0.061271544
17145,0.249873135,0.69572719,0.054399675
17147,0.293627886,0.62544405,0.080928064
17149,0.187649402,0.764143426,0.048207171
17151,0.175070028,0.783380019,0.041549953
17153,0.351736746,0.612431444,0.03583181
17155,0.368691739,0.567984571,0.06332369
17157,0.242285473,0.706143441,0.051571086
17159,0.206142634,0.746876627,0.046980739
17161,0.504703566,0.421883302,0.073413132
17163,0.503864654,0.446649527,0.049485819
17165,0.225931131,0.726985242,0.047083626
17167,0.415835646,0.507700284,0.07646407
17169,0.280825496,0.659352142,0.059822362
17171,0.205138037,0.753834356,0.041027607
17173,0.207811081,0.747411444,0.044777475
17175,0.273787824,0.648195406,0.07801677
17177,0.381851251,0.544806567,0.073342182
17179,0.321195652,0.601040373,0.077763975
17181,0.281363477,0.678224201,0.040412323
17183,0.32839385,0.624370298,0.047235852
17185,0.210651537,0.740666179,0.048682284
17187,0.382605354,0.5475855,0.069809146
17189,0.194964319,0.750100983,0.054934698
17191,0.126861155,0.843360368,0.029778477
17193,0.192501704,0.768916155,0.03858214
17195,0.431357986,0.493120163,0.075521851
17197,0.504901896,0.441070906,0.054027198
17199,0.269402235,0.677194525,0.05340324
17201,0.470644387,0.469892546,0.059463067
17203,0.256343133,0.664871124,0.078785743
18001,0.214285714,0.737051184,0.048663102
18003,0.376397507,0.570420764,0.053181729
18005,0.302893198,0.635272392,0.061834411
18007,0.234588107,0.703491544,0.061920349
18009,0.256871254,0.692291796,0.05083695
18011,0.316396296,0.610789981,0.072813724
18013,0.316928886,0.631340466,0.051730648
18015,0.218905473,0.725789656,0.055304871
18017,0.264550637,0.682736294,0.052713069
18019,0.367724402,0.587228967,0.04504663
18021,0.204396384,0.756160255,0.039443361
18023,0.236176273,0.714728552,0.049095174
18025,0.288047028,0.656433703,0.055519268
18027,0.167161961,0.793554978,0.039283061
18029,0.2035686,0.755117355,0.041314045
18031,0.190617417,0.763008897,0.046373686
18033,0.233226837,0.713170039,0.053603124
18035,0.402300379,0.537708042,0.059991579
18037,0.269665733,0.668785028,0.061549239
18039,0.316014018,0.63792473,0.046061252
18041,0.236306401,0.717628541,0.046065058
18043,0.37261189,0.572665331,0.054722779
18045,0.197010144,0.755739455,0.0472504
18047,0.178788704,0.787160628,0.034050667
18049,0.234057798,0.717697636,0.048244567
18051,0.240312581,0.715641953,0.044045466
18053,0.276943742,0.67193426,0.051121997
18055,0.212230998,0.744656184,0.043112818
18057,0.371220568,0.566616534,0.062162898
18059,0.246096017,0.693015671,0.060888312
18061,0.257732514,0.697435068,0.044832417
18063,0.299104011,0.639725248,0.061170741
18065,0.25422972,0.689407095,0.056363185
18067,0.30439975,0.642591537,0.053008713
18069,0.21853768,0.726111076,0.055351244
18071,0.21868776,0.731747567,0.049564673
18073,0.248841381,0.701300643,0.049857976
18075,0.236538943,0.713373403,0.050087653
18077,0.319403426,0.630980508,0.049616066
18079,0.212017937,0.737578475,0.050403587
18081,0.260421053,0.683548872,0.056030075
18083,0.243103893,0.713908224,0.042987883
18085,0.196764743,0.746010473,0.057224785
18087,0.217436755,0.734371733,0.048191512
18089,0.58117343,0.375860441,0.042966129
18091,0.43797978,0.501891467,0.060128753
18093,0.219820384,0.732821637,0.047357978
18095,0.344933128,0.600567623,0.054499249
18097,0.58751504,0.359740819,0.052744141
18099,0.265346754,0.679570844,0.055082402
18101,0.18319817,0.768766895,0.048034934
18103,0.205162439,0.739875389,0.054962172
18105,0.585349163,0.352277004,0.062373832
18107,0.221826339,0.729678015,0.048495645
18109,0.193094629,0.756841432,0.050063939
18111,0.242277826,0.703537532,0.054184642
18113,0.231142688,0.722202487,0.046654825
18115,0.234851078,0.725094146,0.040054776
18117,0.25,0.708374023,0.041625977
18119,0.227416151,0.719060418,0.053523431
18121,0.218930416,0.738833181,0.042236402
18123,0.380136561,0.565611421,0.054252017
18125,0.216998494,0.735820646,0.04718086
18127,0.436274129,0.503070346,0.060655525
18129,0.282425604,0.674099623,0.043474773
18131,0.243084814,0.705990108,0.050925078
18133,0.228066599,0.722867822,0.049065579
18135,0.233887933,0.718779881,0.047332186
18137,0.192896175,0.765495706,0.041608119
18139,0.211394511,0.733573607,0.055031882
18141,0.474759222,0.472660367,0.052580411
18143,0.290297769,0.667399187,0.042303044
18145,0.236023119,0.706791153,0.057185729
18147,0.286702074,0.658583024,0.054714901
18149,0.269781054,0.690114893,0.040104054
18151,0.257036935,0.695661129,0.047301936
18153,0.246874635,0.717139853,0.035985512
18155,0.251419303,0.691538254,0.057042444
18157,0.436407262,0.492169879,0.071422859
18159,0.211318242,0.744207723,0.044474035
18161,0.217259192,0.742935278,0.03980553
18163,0.39347925,0.558511592,0.048009158
18165,0.299899121,0.650381899,0.04971898
18167,0.400095434,0.550931739,0.048972826
18169,0.224086724,0.729209979,0.046703297
18171,0.213486005,0.73740458,0.049109415
18173,0.307073575,0.645949508,0.046976917
18175,0.231593745,0.721226498,0.047179758
18177,0.32534501,0.626607764,0.048047226
18179,0.196131968,0.758816837,0.045051195
18181,0.257634537,0.68566597,0.056699493
18183,0.216283684,0.727005057,0.056711259
19001,0.297297297,0.645762267,0.056940436
19003,0.268281102,0.662393162,0.069325736
19005,0.349703886,0.59121768,0.059078434
19007,0.295632334,0.657268579,0.047099087
19009,0.316529894,0.626025791,0.057444314
19011,0.337908119,0.594625831,0.06746605
19013,0.500473566,0.426612841,0.072913594
19015,0.390321217,0.527190758,0.082488025
19017,0.395627124,0.532427242,0.071945635
19019,0.387241514,0.537456106,0.07530238
19021,0.345010872,0.592292824,0.062696303
19023,0.287102356,0.654998003,0.057899641
19025,0.270982749,0.672223299,0.056793952
19027,0.313827769,0.629552352,0.056619879
19029,0.273824561,0.668210526,0.057964912
19031,0.377214128,0.554973273,0.067812598
19033,0.429436098,0.506030917,0.064532985
19035,0.26829658,0.669862576,0.061840844
19037,0.352136752,0.581507382,0.066355866
19039,0.328917827,0.609115402,0.061966771
19041,0.260995706,0.682023906,0.056980388
19043,0.354584292,0.58242962,0.062986088
19045,0.437638184,0.488836867,0.073524949
19047,0.287094448,0.665753425,0.047152127
19049,0.410462198,0.505568336,0.083969466
19051,0.251674395,0.701442555,0.04688305
19053,0.321638993,0.614890198,0.063470809
19055,0.319987014,0.616167081,0.063845904
19057,0.429880124,0.498822175,0.071297702
19059,0.295151632,0.652211706,0.052636662
19061,0.459564369,0.471832827,0.068602804
19063,0.285503892,0.657269093,0.057227015
19065,0.369824561,0.563408521,0.066766917
19067,0.394416873,0.54280397,0.062779156
19069,0.300523349,0.636674718,0.062801932
19071,0.267872045,0.669541029,0.062586926
19073,0.350757104,0.584940884,0.064302012
19075,0.27008149,0.658760186,0.071158324
19077,0.301217391,0.630956522,0.067826087
19079,0.354302054,0.580062386,0.06563556
19081,0.270311702,0.677397377,0.052290921
19083,0.326614321,0.615727177,0.057658502
19085,0.285465506,0.656664434,0.05787006
19087,0.308804764,0.614525734,0.076669502
19089,0.367843825,0.572713314,0.05944286
19091,0.246117555,0.701395715,0.052486731
19093,0.219269103,0.735049834,0.045681063
19095,0.346361186,0.584568733,0.069070081
19097,0.372162949,0.564888458,0.062948594
19099,0.373489545,0.55479668,0.071713775
19101,0.454879843,0.45953899,0.085581167
19103,0.65245646,0.273511827,0.074031713
19105,0.373729399,0.564492253,0.061778348
19107,0.269207623,0.68004012,0.050752257
19109,0.295457186,0.656790984,0.04775183
19111,0.384805894,0.545043651,0.070150455
19113,0.503296384,0.413243608,0.083460008
19115,0.329073482,0.612819489,0.058107029
19117,0.284565916,0.660771704,0.054662379
19119,0.144268465,0.814175945,0.04155559
19121,0.310097267,0.620657712,0.069245021
19123,0.246331828,0.699021821,0.054646351
19125,0.307700943,0.615289627,0.07700943
19127,0.425583982,0.508676307,0.065739711
19129,0.271499091,0.658222915,0.070277994
19131,0.348532398,0.588886838,0.062580764
19133,0.272747157,0.682414698,0.044838145
19135,0.273221216,0.682535576,0.044243208
19137,0.260507534,0.681205393,0.058287074
19139,0.430585572,0.493156324,0.076258104
19141,0.177558736,0.776667567,0.045773697
19143,0.171802054,0.787737317,0.040460629
19145,0.25653038,0.694633731,0.048835889
19147,0.29725707,0.655113757,0.047629173
19149,0.218726308,0.73388931,0.047384382
19151,0.24915912,0.699094437,0.051746442
19153,0.517388957,0.403757207,0.078853836
19155,0.359770384,0.572797563,0.067432052
19157,0.437709753,0.503000102,0.059290145
19159,0.278167713,0.673808644,0.048023642
19161,0.243668457,0.710475825,0.045855718
19163,0.469032707,0.454059383,0.07690791
19165,0.260910518,0.68477237,0.054317111
19167,0.126415302,0.812630538,0.060954161
19169,0.507411135,0.384036947,0.108551917
19171,0.365173675,0.567984461,0.066841865
19173,0.250247606,0.69692968,0.052822714
19175,0.329561043,0.604423868,0.066015089
19177,0.237292895,0.709632126,0.053074979
19179,0.369265298,0.575285497,0.055449205
19181,0.381355311,0.542637363,0.076007326
19183,0.360783237,0.564827523,0.07438924
19185,0.244557823,0.703741497,0.05170068
19187,0.361732645,0.576936317,0.061331038
19189,0.333678936,0.595645412,0.070675652
19191,0.462418588,0.470339729,0.067241683
19193,0.370785489,0.565602269,0.063612242
19195,0.359408034,0.57622739,0.064364576
19197,0.314636575,0.63060073,0.054762695
20001,0.262742941,0.669416942,0.067840117
20003,0.200597015,0.726865672,0.072537313
20005,0.302509506,0.61581749,0.081673004
20007,0.126998224,0.821492007,0.051509769
20009,0.179082676,0.768137112,0.052780212
20011,0.219268012,0.726079107,0.05465288
20013,0.21382557,0.720019822,0.066154609
20015,0.237661352,0.689626496,0.072712152
20017,0.23082542,0.707815924,0.061358656
20019,0.133018231,0.834571236,0.032410533
20021,0.232598608,0.717169374,0.050232019
20023,0.128642502,0.833688699,0.037668799
20025,0.119402985,0.820895522,0.059701493
20027,0.177225131,0.756806283,0.065968586
20029,0.193638677,0.742748092,0.063613232
20031,0.178711898,0.749754179,0.071533923
20033,0.117647059,0.824682814,0.057670127
20035,0.281356469,0.655257111,0.063386419
20037,0.349137063,0.579141763,0.071721174
20039,0.122589532,0.833333333,0.044077135
20041,0.195980512,0.734348356,0.069671133
20043,0.173771462,0.771462404,0.054766134
20045,0.6228163,0.293249745,0.083933955
20047,0.160727824,0.786201668,0.053070508
20049,0.127084988,0.832406672,0.04050834
20051,0.229513685,0.708629782,0.061856533
20053,0.194475551,0.734975737,0.070548712
20055,0.314499459,0.625061522,0.06043902
20057,0.27844001,0.662606893,0.058953097
20059,0.26374829,0.655266758,0.080984952
20061,0.362739872,0.5695629,0.067697228
20063,0.110945644,0.848845867,0.040208488
20065,0.146417445,0.798286604,0.05529595
20067,0.184596065,0.755127668,0.060276266
20069,0.127299129,0.821878025,0.050822846
20071,0.127692308,0.821538462,0.050769231
20073,0.170774648,0.76056338,0.068661972
20075,0.138127854,0.804794521,0.057077626
20077,0.152443755,0.7742436,0.073312645
